190
96
167
235
56
79
107
135
106
259
14
113
42
129
34
165
140
26
85
158
196
238
17
181
144
146
105
8
2
132
10
94
154
215
185
88
264
208
141
149
12
168
33
5
63
182
207
205
209
142
130
28
46
51
24
36
252
124
137
206
82
120
39
234
248
67
157
253
245
258
38
22
150
102
95
246
180
75
189
260
216
21
109
199
131
147
100
151
214
218
161
114
98
230
139
250
50
74
247
188
4
195
111
65
122
243
16
126
30
232
25
192
81
23
219
123
80
58
239
84
43
228
112
152
55
108
57
32
148
69
194
162
9
37
119
127
191
104
164
87
244
145
125
262
217
13
200
86
169
136
178
138
93
257
221
174
177
231
261
204
211
45
143
134
193
242
76
166
213
175
99
41
226
223
156
101
222
66
60
201
54
155
27
179
29
52
97
249
236
72
183
35
3
7
53
89
20
73
186
70
229
163
202
153
240
203
187
265
92
115
59
78
118
171
40
61
255
15
212
263
116
170
68
11
31
210
49
64
176
48
233
62
173
18
159
44
241
237
198
1
220
77
6
256
128
90
133
160
254
71
225
19
83
172
121
227
117
251
184
110
224
91
47
197