76
177
6
174
8
58
243
54
239
72
66
198
15
155
255
52
80
172
218
181
105
27
156
199
61
159
171
23
210
193
144
209
70
157
12
175
235
122
265
53
25
153
120
30
162
123
143
196
127
229
51
136
97
31
29
234
182
250
20
9
237
60
83
82
216
168
212
185
207
126
113
215
63
230
256
257
11
221
170
90
197
149
47
35
225
42
223
56
167
192
201
154
249
106
7
104
49
78
231
18
263
233
75
195
74
32
142
258
246
10
236
130
89
96
189
240
222
95
165
129
19
158
137
62
184
260
211
119
146
264
259
102
191
77
214
252
213
94
59
245
152
4
125
140
200
1
228
135
202
121
178
3
109
100
164
43
139
73
206
205
93
21
101
253
148
86
261
247
217
44
145
99
81
28
132
238
37
64
26
147
134
186
107
112
151
203
160
176
118
141
22
180
69
190
67
84
204
33
219
16
179
14
187
128
46
108
5
48
65
194
124
133
161
71
254
40
116
241
138
41
244
34
183
169
91
85
57
114
226
150
248
55
13
79
251
38
2
68
45
98
115
220
24
36
50
242
92
88
208
131
117
262
224
166
163
173
232
87
188
39
227
111
17